#,wavelength,[nm],,refractive,index,n,,extinction,coefficient,k
3.062000E2,1.652267E0,9.452900E-1,
3.065000E2,1.652068E0,9.476535E-1,
3.068000E2,1.651888E0,9.500383E-1,
3.070000E2,1.651729E0,9.524438E-1,
3.073000E2,1.651590E0,9.548700E-1,
3.076000E2,1.651472E0,9.573167E-1,
3.079000E2,1.651374E0,9.597836E-1,
3.081000E2,1.651298E0,9.622707E-1,
3.084000E2,1.651244E0,9.647779E-1,
3.087000E2,1.651211E0,9.673049E-1,
3.089000E2,1.651200E0,9.698516E-1,
3.092000E2,1.651212E0,9.724179E-1,
3.095000E2,1.651246E0,9.750036E-1,
3.097000E2,1.651302E0,9.776086E-1,
3.100000E2,1.651382E0,9.802327E-1,
3.103000E2,1.651485E0,9.828758E-1,
3.106000E2,1.651612E0,9.855377E-1,
3.108000E2,1.651762E0,9.882182E-1,
3.111000E2,1.651938E0,9.909173E-1,
3.114000E2,1.652139E0,9.936347E-1,
3.117000E2,1.652365E0,9.963703E-1,
3.119000E2,1.652617E0,9.991239E-1,
3.122000E2,1.652896E0,1.001895E0,
3.125000E2,1.653202E0,1.004684E0,
3.128000E2,1.653535E0,1.007489E0,
3.130000E2,1.653896E0,1.010312E0,
3.133000E2,1.654285E0,1.013150E0,
3.136000E2,1.654703E0,1.016004E0,
3.139000E2,1.655151E0,1.018874E0,
3.142000E2,1.655628E0,1.021759E0,
3.144000E2,1.656135E0,1.024659E0,
3.147000E2,1.656673E0,1.027574E0,
3.150000E2,1.657242E0,1.030502E0,
3.153000E2,1.657842E0,1.033444E0,
3.156000E2,1.658474E0,1.036399E0,
3.158000E2,1.659139E0,1.039367E0,
3.161000E2,1.659837E0,1.042348E0,
3.164000E2,1.660567E0,1.045341E0,
3.167000E2,1.661331E0,1.048346E0,
3.170000E2,1.662129E0,1.051362E0,
3.173000E2,1.662961E0,1.054390E0,
3.175000E2,1.663828E0,1.057427E0,
3.178000E2,1.664730E0,1.060475E0,
3.181000E2,1.665668E0,1.063532E0,
3.184000E2,1.666641E0,1.066598E0,
3.187000E2,1.667650E0,1.069672E0,
3.190000E2,1.668697E0,1.072755E0,
3.193000E2,1.669780E0,1.075846E0,
3.196000E2,1.670900E0,1.078943E0,
3.198000E2,1.672059E0,1.082047E0,
3.201000E2,1.673255E0,1.085157E0,
3.204000E2,1.674490E0,1.088273E0,
3.207000E2,1.675764E0,1.091394E0,
3.210000E2,1.677077E0,1.094520E0,
3.213000E2,1.678430E0,1.097649E0,
3.216000E2,1.679823E0,1.100783E0,
3.219000E2,1.681256E0,1.103920E0,
3.222000E2,1.682730E0,1.107059E0,
3.225000E2,1.684245E0,1.110200E0,
3.228000E2,1.685802E0,1.113342E0,
3.231000E2,1.687400E0,1.116485E0,
3.234000E2,1.689041E0,1.119628E0,
3.237000E2,1.690724E0,1.122770E0,
3.240000E2,1.692449E0,1.125912E0,
3.243000E2,1.694219E0,1.129051E0,
3.246000E2,1.696031E0,1.132188E0,
3.249000E2,1.697888E0,1.135322E0,
3.252000E2,1.699789E0,1.138452E0,
3.255000E2,1.701734E0,1.141577E0,
3.258000E2,1.703725E0,1.144698E0,
3.261000E2,1.705760E0,1.147813E0,
3.264000E2,1.707841E0,1.150921E0,
3.267000E2,1.709968E0,1.154023E0,
3.270000E2,1.712141E0,1.157117E0,
3.273000E2,1.714360E0,1.160202E0,
3.276000E2,1.716625E0,1.163279E0,
3.279000E2,1.718937E0,1.166345E0,
3.282000E2,1.721296E0,1.169400E0,
3.285000E2,1.723703E0,1.172444E0,
3.288000E2,1.726157E0,1.175476E0,
3.291000E2,1.728659E0,1.178494E0,
3.294000E2,1.731208E0,1.181499E0,
3.297000E2,1.733807E0,1.184489E0,
3.300000E2,1.736453E0,1.187464E0,
3.303000E2,1.739149E0,1.190422E0,
3.306000E2,1.741894E0,1.193364E0,
3.309000E2,1.744687E0,1.196287E0,
3.313000E2,1.747530E0,1.199193E0,
3.316000E2,1.750423E0,1.202078E0,
3.319000E2,1.753365E0,1.204944E0,
3.322000E2,1.756356E0,1.207788E0,
3.325000E2,1.759398E0,1.210611E0,
3.328000E2,1.762489E0,1.213410E0,
3.331000E2,1.765630E0,1.216186E0,
3.334000E2,1.768822E0,1.218936E0,
3.338000E2,1.772063E0,1.221662E0,
3.341000E2,1.775356E0,1.224360E0,
3.344000E2,1.778698E0,1.227032E0,
3.347000E2,1.782092E0,1.229674E0,
3.350000E2,1.785536E0,1.232288E0,
3.353000E2,1.789032E0,1.234871E0,
3.357000E2,1.792578E0,1.237424E0,
3.360000E2,1.796175E0,1.239944E0,
3.363000E2,1.799822E0,1.242431E0,
3.366000E2,1.803521E0,1.244885E0,
3.369000E2,1.807270E0,1.247303E0,
3.373000E2,1.811069E0,1.249686E0,
3.376000E2,1.814919E0,1.252031E0,
3.379000E2,1.818819E0,1.254339E0,
3.382000E2,1.822769E0,1.256609E0,
3.386000E2,1.826769E0,1.258838E0,
3.389000E2,1.830820E0,1.261027E0,
3.392000E2,1.834920E0,1.263174E0,
3.395000E2,1.839071E0,1.265278E0,
3.399000E2,1.843271E0,1.267339E0,
3.402000E2,1.847521E0,1.269355E0,
3.405000E2,1.851820E0,1.271325E0,
3.409000E2,1.856169E0,1.273249E0,
3.412000E2,1.860566E0,1.275125E0,
3.415000E2,1.865012E0,1.276952E0,
3.418000E2,1.869505E0,1.278730E0,
3.422000E2,1.874046E0,1.280457E0,
3.425000E2,1.878635E0,1.282133E0,
3.428000E2,1.883270E0,1.283756E0,
3.432000E2,1.887952E0,1.285327E0,
3.435000E2,1.892680E0,1.286843E0,
3.438000E2,1.897454E0,1.288304E0,
3.442000E2,1.902273E0,1.289708E0,
3.445000E2,1.907137E0,1.291056E0,
3.448000E2,1.912045E0,1.292346E0,
3.452000E2,1.916998E0,1.293577E0,
3.455000E2,1.921994E0,1.294748E0,
3.459000E2,1.927033E0,1.295858E0,
3.462000E2,1.932115E0,1.296906E0,
3.465000E2,1.937237E0,1.297892E0,
3.469000E2,1.942401E0,1.298815E0,
3.472000E2,1.947604E0,1.299673E0,
3.476000E2,1.952847E0,1.300467E0,
3.479000E2,1.958127E0,1.301195E0,
3.483000E2,1.963446E0,1.301856E0,
3.486000E2,1.968801E0,1.302451E0,
3.489000E2,1.974193E0,1.302977E0,
3.493000E2,1.979620E0,1.303435E0,
3.496000E2,1.985081E0,1.303823E0,
3.500000E2,1.990576E0,1.304141E0,
3.503000E2,1.996105E0,1.304388E0,
3.507000E2,2.001665E0,1.304563E0,
3.510000E2,2.007257E0,1.304665E0,
3.514000E2,2.012878E0,1.304694E0,
3.517000E2,2.018528E0,1.304650E0,
3.521000E2,2.024205E0,1.304532E0,
3.524000E2,2.029909E0,1.304340E0,
3.528000E2,2.035638E0,1.304073E0,
3.531000E2,2.041391E0,1.303731E0,
3.535000E2,2.047167E0,1.303314E0,
3.538000E2,2.052965E0,1.302821E0,
3.542000E2,2.058784E0,1.302252E0,
3.545000E2,2.064623E0,1.301606E0,
3.549000E2,2.070480E0,1.300884E0,
3.553000E2,2.076354E0,1.300084E0,
3.556000E2,2.082244E0,1.299207E0,
3.560000E2,2.088149E0,1.298252E0,
3.563000E2,2.094066E0,1.297218E0,
3.567000E2,2.099995E0,1.296108E0,
3.571000E2,2.105935E0,1.294919E0,
3.574000E2,2.111883E0,1.293653E0,
3.578000E2,2.117838E0,1.292309E0,
3.581000E2,2.123799E0,1.290888E0,
3.585000E2,2.129764E0,1.289390E0,
3.589000E2,2.135732E0,1.287814E0,
3.592000E2,2.141701E0,1.286162E0,
3.596000E2,2.147670E0,1.284433E0,
3.600000E2,2.153637E0,1.282627E0,
3.603000E2,2.159601E0,1.280744E0,
3.607000E2,2.165561E0,1.278785E0,
3.611000E2,2.171514E0,1.276750E0,
3.614000E2,2.177459E0,1.274640E0,
3.618000E2,2.183394E0,1.272455E0,
3.622000E2,2.189318E0,1.270195E0,
3.626000E2,2.195230E0,1.267863E0,
3.629000E2,2.201126E0,1.265458E0,
3.633000E2,2.207007E0,1.262981E0,
3.637000E2,2.212870E0,1.260433E0,
3.641000E2,2.218713E0,1.257815E0,
3.644000E2,2.224535E0,1.255126E0,
3.648000E2,2.230335E0,1.252369E0,
3.652000E2,2.236110E0,1.249544E0,
3.656000E2,2.241859E0,1.246651E0,
3.659000E2,2.247581E0,1.243692E0,
3.663000E2,2.253273E0,1.240668E0,
3.667000E2,2.258935E0,1.237579E0,
3.671000E2,2.264565E0,1.234427E0,
3.675000E2,2.270161E0,1.231214E0,
3.678000E2,2.275722E0,1.227940E0,
3.682000E2,2.281246E0,1.224606E0,
3.686000E2,2.286731E0,1.221215E0,
3.690000E2,2.292176E0,1.217767E0,
3.694000E2,2.297580E0,1.214263E0,
3.698000E2,2.302941E0,1.210705E0,
3.702000E2,2.308256E0,1.207093E0,
3.706000E2,2.313526E0,1.203430E0,
3.709000E2,2.318749E0,1.199716E0,
3.713000E2,2.323922E0,1.195953E0,
3.717000E2,2.329046E0,1.192143E0,
3.721000E2,2.334119E0,1.188287E0,
3.725000E2,2.339139E0,1.184386E0,
3.729000E2,2.344106E0,1.180443E0,
3.733000E2,2.349018E0,1.176458E0,
3.737000E2,2.353874E0,1.172434E0,
3.741000E2,2.358672E0,1.168371E0,
3.745000E2,2.363412E0,1.164272E0,
3.749000E2,2.368092E0,1.160138E0,
3.753000E2,2.372711E0,1.155970E0,
3.757000E2,2.377269E0,1.151771E0,
3.761000E2,2.381763E0,1.147541E0,
3.765000E2,2.386194E0,1.143282E0,
3.769000E2,2.390561E0,1.138997E0,
3.773000E2,2.394863E0,1.134686E0,
3.777000E2,2.399099E0,1.130351E0,
3.781000E2,2.403269E0,1.125994E0,
3.785000E2,2.407371E0,1.121616E0,
3.789000E2,2.411406E0,1.117220E0,
3.793000E2,2.415371E0,1.112807E0,
3.797000E2,2.419268E0,1.108378E0,
3.801000E2,2.423094E0,1.103935E0,
3.805000E2,2.426849E0,1.099480E0,
3.810000E2,2.430533E0,1.095014E0,
3.814000E2,2.434146E0,1.090539E0,
3.818000E2,2.437688E0,1.086057E0,
3.822000E2,2.441158E0,1.081568E0,
3.826000E2,2.444557E0,1.077075E0,
3.830000E2,2.447883E0,1.072579E0,
3.834000E2,2.451138E0,1.068081E0,
3.839000E2,2.454320E0,1.063583E0,
3.843000E2,2.457430E0,1.059087E0,
3.847000E2,2.460467E0,1.054595E0,
3.851000E2,2.463431E0,1.050107E0,
3.855000E2,2.466322E0,1.045625E0,
3.860000E2,2.469141E0,1.041150E0,
3.864000E2,2.471887E0,1.036684E0,
3.868000E2,2.474562E0,1.032229E0,
3.872000E2,2.477164E0,1.027784E0,
3.876000E2,2.479695E0,1.023352E0,
3.881000E2,2.482155E0,1.018934E0,
3.885000E2,2.484545E0,1.014531E0,
3.889000E2,2.486863E0,1.010144E0,
3.894000E2,2.489111E0,1.005775E0,
3.898000E2,2.491290E0,1.001425E0,
3.902000E2,2.493399E0,9.970957E-1,
3.907000E2,2.495438E0,9.927872E-1,
3.911000E2,2.497409E0,9.885010E-1,
3.915000E2,2.499313E0,9.842380E-1,
3.920000E2,2.501149E0,9.799992E-1,
3.924000E2,2.502919E0,9.757856E-1,
3.928000E2,2.504624E0,9.715981E-1,
3.933000E2,2.506264E0,9.674377E-1,
3.937000E2,2.507840E0,9.633056E-1,
3.941000E2,2.509352E0,9.592025E-1,
3.946000E2,2.510802E0,9.551297E-1,
3.950000E2,2.512190E0,9.510879E-1,
3.955000E2,2.513517E0,9.470780E-1,
3.959000E2,2.514784E0,9.431005E-1,
3.964000E2,2.515991E0,9.391562E-1,
3.968000E2,2.517141E0,9.352456E-1,
3.972000E2,2.518232E0,9.313694E-1,
3.977000E2,2.519267E0,9.275283E-1,
3.981000E2,2.520247E0,9.237229E-1,
3.986000E2,2.521172E0,9.199538E-1,
3.990000E2,2.522044E0,9.162218E-1,
3.995000E2,2.522862E0,9.125274E-1,
3.999000E2,2.523629E0,9.088713E-1,
4.004000E2,2.524345E0,9.052539E-1,
4.009000E2,2.525011E0,9.016757E-1,
4.013000E2,2.525628E0,8.981370E-1,
4.018000E2,2.526197E0,8.946381E-1,
4.022000E2,2.526720E0,8.911796E-1,
4.027000E2,2.527198E0,8.877617E-1,
4.031000E2,2.527631E0,8.843849E-1,
4.036000E2,2.528021E0,8.810496E-1,
4.041000E2,2.528369E0,8.777562E-1,
4.045000E2,2.528676E0,8.745050E-1,
4.050000E2,2.528944E0,8.712964E-1,
4.055000E2,2.529172E0,8.681305E-1,
4.059000E2,2.529362E0,8.650073E-1,
4.064000E2,2.529516E0,8.619269E-1,
4.069000E2,2.529635E0,8.588895E-1,
4.073000E2,2.529719E0,8.558952E-1,
4.078000E2,2.529770E0,8.529440E-1,
4.083000E2,2.529788E0,8.500360E-1,
4.087000E2,2.529776E0,8.471713E-1,
4.092000E2,2.529733E0,8.443501E-1,
4.097000E2,2.529661E0,8.415724E-1,
4.102000E2,2.529562E0,8.388381E-1,
4.106000E2,2.529436E0,8.361472E-1,
4.111000E2,2.529284E0,8.334995E-1,
4.116000E2,2.529108E0,8.308952E-1,
4.121000E2,2.528909E0,8.283340E-1,
4.126000E2,2.528687E0,8.258158E-1,
4.131000E2,2.528444E0,8.233407E-1,
4.135000E2,2.528182E0,8.209085E-1,
4.140000E2,2.527900E0,8.185192E-1,
4.145000E2,2.527600E0,8.161727E-1,
4.150000E2,2.527284E0,8.138686E-1,
4.155000E2,2.526953E0,8.116068E-1,
4.160000E2,2.526607E0,8.093870E-1,
4.165000E2,2.526247E0,8.072088E-1,
4.170000E2,2.525875E0,8.050720E-1,
4.174000E2,2.525492E0,8.029763E-1,
4.179000E2,2.525098E0,8.009213E-1,
4.184000E2,2.524695E0,7.989068E-1,
4.189000E2,2.524284E0,7.969324E-1,
4.194000E2,2.523865E0,7.949980E-1,
4.199000E2,2.523441E0,7.931030E-1,
4.204000E2,2.523011E0,7.912471E-1,
4.209000E2,2.522577E0,7.894298E-1,
4.214000E2,2.522140E0,7.876507E-1,
4.219000E2,2.521701E0,7.859095E-1,
4.224000E2,2.521260E0,7.842058E-1,
4.230000E2,2.520819E0,7.825390E-1,
4.235000E2,2.520379E0,7.809088E-1,
4.240000E2,2.519941E0,7.793147E-1,
4.245000E2,2.519505E0,7.777563E-1,
4.250000E2,2.519073E0,7.762330E-1,
4.255000E2,2.518645E0,7.747442E-1,
4.260000E2,2.518223E0,7.732893E-1,
4.265000E2,2.517807E0,7.718677E-1,
4.270000E2,2.517399E0,7.704788E-1,
4.276000E2,2.516998E0,7.691220E-1,
4.281000E2,2.516607E0,7.677967E-1,
4.286000E2,2.516225E0,7.665023E-1,
4.291000E2,2.515855E0,7.652381E-1,
4.296000E2,2.515496E0,7.640035E-1,
4.302000E2,2.515149E0,7.627977E-1,
4.307000E2,2.514816E0,7.616201E-1,
4.312000E2,2.514497E0,7.604700E-1,
4.317000E2,2.514194E0,7.593467E-1,
4.323000E2,2.513906E0,7.582494E-1,
4.328000E2,2.513634E0,7.571774E-1,
4.333000E2,2.513380E0,7.561300E-1,
4.339000E2,2.513144E0,7.551065E-1,
4.344000E2,2.512926E0,7.541061E-1,
4.349000E2,2.512729E0,7.531279E-1,
4.355000E2,2.512552E0,7.521710E-1,
4.360000E2,2.512395E0,7.512348E-1,
4.366000E2,2.512261E0,7.503182E-1,
4.371000E2,2.512149E0,7.494204E-1,
4.376000E2,2.512060E0,7.485406E-1,
4.382000E2,2.511995E0,7.476779E-1,
4.387000E2,2.511955E0,7.468314E-1,
4.393000E2,2.511939E0,7.460003E-1,
4.398000E2,2.511950E0,7.451835E-1,
4.404000E2,2.511987E0,7.443800E-1,
4.409000E2,2.512051E0,7.435891E-1,
4.415000E2,2.512142E0,7.428096E-1,
4.420000E2,2.512262E0,7.420406E-1,
4.426000E2,2.512410E0,7.412811E-1,
4.431000E2,2.512588E0,7.405302E-1,
4.437000E2,2.512795E0,7.397869E-1,
4.442000E2,2.513032E0,7.390501E-1,
4.448000E2,2.513300E0,7.383188E-1,
4.454000E2,2.513599E0,7.375920E-1,
4.459000E2,2.513930E0,7.368686E-1,
4.465000E2,2.514293E0,7.361475E-1,
4.471000E2,2.514688E0,7.354278E-1,
4.476000E2,2.515116E0,7.347083E-1,
4.482000E2,2.515578E0,7.339879E-1,
4.488000E2,2.516072E0,7.332656E-1,
4.493000E2,2.516600E0,7.325403E-1,
4.499000E2,2.517162E0,7.318109E-1,
4.505000E2,2.517759E0,7.310764E-1,
4.511000E2,2.518390E0,7.303355E-1,
4.516000E2,2.519057E0,7.295873E-1,
4.522000E2,2.519758E0,7.288307E-1,
4.528000E2,2.520494E0,7.280644E-1,
4.534000E2,2.521265E0,7.272874E-1,
4.540000E2,2.522072E0,7.264987E-1,
4.545000E2,2.522914E0,7.256970E-1,
4.551000E2,2.523792E0,7.248814E-1,
4.557000E2,2.524706E0,7.240506E-1,
4.563000E2,2.525655E0,7.232037E-1,
4.569000E2,2.526640E0,7.223395E-1,
4.575000E2,2.527661E0,7.214569E-1,
4.581000E2,2.528717E0,7.205547E-1,
4.587000E2,2.529808E0,7.196319E-1,
4.593000E2,2.530934E0,7.186876E-1,
4.599000E2,2.532096E0,7.177205E-1,
4.605000E2,2.533293E0,7.167298E-1,
4.611000E2,2.534524E0,7.157144E-1,
4.617000E2,2.535790E0,7.146732E-1,
4.623000E2,2.537090E0,7.136052E-1,
4.629000E2,2.538424E0,7.125094E-1,
4.635000E2,2.539791E0,7.113847E-1,
4.641000E2,2.541191E0,7.102303E-1,
4.647000E2,2.542624E0,7.090454E-1,
4.653000E2,2.544089E0,7.078289E-1,
4.659000E2,2.545586E0,7.065801E-1,
4.666000E2,2.547115E0,7.052980E-1,
4.672000E2,2.548674E0,7.039817E-1,
4.678000E2,2.550263E0,7.026303E-1,
4.684000E2,2.551881E0,7.012431E-1,
4.690000E2,2.553528E0,6.998193E-1,
4.697000E2,2.555203E0,6.983583E-1,
4.703000E2,2.556906E0,6.968594E-1,
4.709000E2,2.558636E0,6.953220E-1,
4.715000E2,2.560391E0,6.937454E-1,
4.722000E2,2.562172E0,6.921289E-1,
4.728000E2,2.563976E0,6.904718E-1,
4.734000E2,2.565804E0,6.887737E-1,
4.741000E2,2.567654E0,6.870341E-1,
4.747000E2,2.569526E0,6.852526E-1,
4.754000E2,2.571418E0,6.834288E-1,
4.760000E2,2.573330E0,6.815623E-1,
4.766000E2,2.575260E0,6.796526E-1,
4.773000E2,2.577208E0,6.776993E-1,
4.779000E2,2.579172E0,6.757022E-1,
4.786000E2,2.581151E0,6.736610E-1,
4.792000E2,2.583144E0,6.715758E-1,
4.799000E2,2.585150E0,6.694464E-1,
4.805000E2,2.587168E0,6.672726E-1,
4.812000E2,2.589196E0,6.650546E-1,
4.819000E2,2.591233E0,6.627920E-1,
4.825000E2,2.593279E0,6.604850E-1,
4.832000E2,2.595331E0,6.581335E-1,
4.838000E2,2.597389E0,6.557380E-1,
4.845000E2,2.599450E0,6.532985E-1,
4.852000E2,2.601515E0,6.508153E-1,
4.858000E2,2.603581E0,6.482886E-1,
4.865000E2,2.605648E0,6.457187E-1,
4.872000E2,2.607713E0,6.431058E-1,
4.878000E2,2.609776E0,6.404502E-1,
4.885000E2,2.611834E0,6.377527E-1,
4.892000E2,2.613888E0,6.350135E-1,
4.899000E2,2.615935E0,6.322334E-1,
4.906000E2,2.617974E0,6.294128E-1,
4.912000E2,2.620004E0,6.265524E-1,
4.919000E2,2.622023E0,6.236526E-1,
4.926000E2,2.624030E0,6.207141E-1,
4.933000E2,2.626023E0,6.177378E-1,
4.940000E2,2.628002E0,6.147244E-1,
4.947000E2,2.629964E0,6.116748E-1,
4.954000E2,2.631909E0,6.085898E-1,
4.961000E2,2.633835E0,6.054702E-1,
4.968000E2,2.635740E0,6.023169E-1,
4.975000E2,2.637625E0,5.991309E-1,
4.982000E2,2.639486E0,5.959130E-1,
4.989000E2,2.641323E0,5.926643E-1,
4.996000E2,2.643136E0,5.893859E-1,
5.003000E2,2.644921E0,5.860788E-1,
5.010000E2,2.646679E0,5.827440E-1,
5.017000E2,2.648408E0,5.793826E-1,
5.024000E2,2.650107E0,5.759957E-1,
5.031000E2,2.651775E0,5.725844E-1,
5.039000E2,2.653410E0,5.691499E-1,
5.046000E2,2.655013E0,5.656934E-1,
5.053000E2,2.656581E0,5.622160E-1,
5.060000E2,2.658114E0,5.587190E-1,
5.068000E2,2.659610E0,5.552034E-1,
5.075000E2,2.661069E0,5.516706E-1,
5.082000E2,2.662491E0,5.481217E-1,
5.089000E2,2.663873E0,5.445580E-1,
5.097000E2,2.665215E0,5.409807E-1,
5.104000E2,2.666517E0,5.373910E-1,
5.112000E2,2.667777E0,5.337902E-1,
5.119000E2,2.668996E0,5.301795E-1,
5.126000E2,2.670172E0,5.265602E-1,
5.134000E2,2.671304E0,5.229333E-1,
5.141000E2,2.672393E0,5.193002E-1,
5.149000E2,2.673438E0,5.156620E-1,
5.156000E2,2.674438E0,5.120201E-1,
5.164000E2,2.675393E0,5.083755E-1,
5.172000E2,2.676302E0,5.047295E-1,
5.179000E2,2.677166E0,5.010833E-1,
5.187000E2,2.677983E0,4.974379E-1,
5.194000E2,2.678753E0,4.937946E-1,
5.202000E2,2.679477E0,4.901546E-1,
5.210000E2,2.680153E0,4.865189E-1,
5.217000E2,2.680782E0,4.828888E-1,
5.225000E2,2.681364E0,4.792652E-1,
5.233000E2,2.681898E0,4.756492E-1,
5.241000E2,2.682385E0,4.720418E-1,
5.248000E2,2.682825E0,4.684442E-1,
5.256000E2,2.683217E0,4.648573E-1,
5.264000E2,2.683563E0,4.612822E-1,
5.272000E2,2.683861E0,4.577197E-1,
5.280000E2,2.684112E0,4.541708E-1,
5.288000E2,2.684317E0,4.506364E-1,
5.296000E2,2.684474E0,4.471174E-1,
5.304000E2,2.684586E0,4.436146E-1,
5.312000E2,2.684651E0,4.401290E-1,
5.320000E2,2.684670E0,4.366613E-1,
5.328000E2,2.684644E0,4.332123E-1,
5.336000E2,2.684573E0,4.297828E-1,
5.344000E2,2.684457E0,4.263735E-1,
5.352000E2,2.684297E0,4.229852E-1,
5.360000E2,2.684093E0,4.196186E-1,
5.368000E2,2.683846E0,4.162745E-1,
5.376000E2,2.683557E0,4.129532E-1,
5.385000E2,2.683226E0,4.096556E-1,
5.393000E2,2.682853E0,4.063823E-1,
5.401000E2,2.682439E0,4.031337E-1,
5.409000E2,2.681984E0,3.999106E-1,
5.418000E2,2.681490E0,3.967134E-1,
5.426000E2,2.680957E0,3.935426E-1,
5.434000E2,2.680385E0,3.903987E-1,
5.443000E2,2.679776E0,3.872821E-1,
5.451000E2,2.679129E0,3.841934E-1,
5.460000E2,2.678446E0,3.811330E-1,
5.468000E2,2.677728E0,3.781012E-1,
5.476000E2,2.676974E0,3.750982E-1,
5.485000E2,2.676186E0,3.721245E-1,
5.493000E2,2.675365E0,3.691803E-1,
5.502000E2,2.674510E0,3.662660E-1,
5.511000E2,2.673624E0,3.633818E-1,
5.519000E2,2.672706E0,3.605279E-1,
5.528000E2,2.671758E0,3.577046E-1,
5.537000E2,2.670780E0,3.549121E-1,
5.545000E2,2.669773E0,3.521506E-1,
5.554000E2,2.668737E0,3.494202E-1,
5.563000E2,2.667674E0,3.467212E-1,
5.572000E2,2.666584E0,3.440537E-1,
5.580000E2,2.665468E0,3.414178E-1,
5.589000E2,2.664327E0,3.388135E-1,
5.598000E2,2.663162E0,3.362412E-1,
5.607000E2,2.661973E0,3.337007E-1,
5.616000E2,2.660761E0,3.311922E-1,
5.625000E2,2.659528E0,3.287157E-1,
5.634000E2,2.658273E0,3.262712E-1,
5.643000E2,2.656998E0,3.238589E-1,
5.652000E2,2.655704E0,3.214786E-1,
5.661000E2,2.654390E0,3.191303E-1,
5.670000E2,2.653059E0,3.168140E-1,
5.679000E2,2.651710E0,3.145296E-1,
5.688000E2,2.650344E0,3.122769E-1,
5.697000E2,2.648963E0,3.100559E-1,
5.707000E2,2.647566E0,3.078666E-1,
5.716000E2,2.646155E0,3.057089E-1,
5.725000E2,2.644731E0,3.035826E-1,
5.734000E2,2.643293E0,3.014877E-1,
5.744000E2,2.641843E0,2.994242E-1,
5.753000E2,2.640382E0,2.973918E-1,
5.763000E2,2.638910E0,2.953906E-1,
5.772000E2,2.637427E0,2.934202E-1,
5.781000E2,2.635936E0,2.914807E-1,
5.791000E2,2.634435E0,2.895718E-1,
5.800000E2,2.632927E0,2.876935E-1,
5.810000E2,2.631411E0,2.858454E-1,
5.820000E2,2.629888E0,2.840276E-1,
5.829000E2,2.628359E0,2.822397E-1,
5.839000E2,2.626825E0,2.804815E-1,
5.849000E2,2.625286E0,2.787530E-1,
5.858000E2,2.623743E0,2.770538E-1,
5.868000E2,2.622196E0,2.753838E-1,
5.878000E2,2.620647E0,2.737426E-1,
5.888000E2,2.619095E0,2.721302E-1,
5.897000E2,2.617541E0,2.705461E-1,
5.907000E2,2.615987E0,2.689903E-1,
5.917000E2,2.614431E0,2.674624E-1,
5.927000E2,2.612876E0,2.659621E-1,
5.937000E2,2.611321E0,2.644893E-1,
5.947000E2,2.609767E0,2.630437E-1,
5.957000E2,2.608215E0,2.616250E-1,
5.967000E2,2.606666E0,2.602331E-1,
5.977000E2,2.605119E0,2.588676E-1,
5.987000E2,2.603575E0,2.575283E-1,
5.998000E2,2.602035E0,2.562149E-1,
6.008000E2,2.600500E0,2.549272E-1,
6.018000E2,2.598970E0,2.536649E-1,
6.028000E2,2.597445E0,2.524278E-1,
6.039000E2,2.595926E0,2.512156E-1,
6.049000E2,2.594414E0,2.500280E-1,
6.059000E2,2.592908E0,2.488646E-1,
6.070000E2,2.591409E0,2.477253E-1,
6.080000E2,2.589919E0,2.466095E-1,
6.091000E2,2.588436E0,2.455172E-1,
6.101000E2,2.586963E0,2.444479E-1,
6.112000E2,2.585499E0,2.434013E-1,
6.122000E2,2.584045E0,2.423772E-1,
6.133000E2,2.582601E0,2.413753E-1,
6.144000E2,2.581167E0,2.403952E-1,
6.154000E2,2.579745E0,2.394366E-1,
6.165000E2,2.578335E0,2.384991E-1,
6.176000E2,2.576936E0,2.375826E-1,
6.187000E2,2.575550E0,2.366865E-1,
6.198000E2,2.574177E0,2.358107E-1,
6.209000E2,2.572818E0,2.349547E-1,
6.220000E2,2.571472E0,2.341182E-1,
6.231000E2,2.570140E0,2.333008E-1,
6.242000E2,2.568823E0,2.325022E-1,
6.253000E2,2.567522E0,2.317220E-1,
6.264000E2,2.566236E0,2.309597E-1,
6.275000E2,2.564965E0,2.302151E-1,
6.286000E2,2.563712E0,2.294878E-1,
6.297000E2,2.562475E0,2.287773E-1,
6.308000E2,2.561255E0,2.280833E-1,
6.320000E2,2.560053E0,2.274054E-1,
6.331000E2,2.558869E0,2.267432E-1,
6.342000E2,2.557704E0,2.260964E-1,
6.354000E2,2.556558E0,2.254645E-1,
6.365000E2,2.555432E0,2.248470E-1,
6.377000E2,2.554326E0,2.242435E-1,
6.388000E2,2.553240E0,2.236536E-1,
6.400000E2,2.552175E0,2.230768E-1,
6.412000E2,2.551130E0,2.225126E-1,
6.423000E2,2.550107E0,2.219604E-1,
6.435000E2,2.549106E0,2.214199E-1,
6.447000E2,2.548127E0,2.208904E-1,
6.459000E2,2.547171E0,2.203714E-1,
6.470000E2,2.546240E0,2.198624E-1,
6.482000E2,2.545332E0,2.193627E-1,
6.494000E2,2.544449E0,2.188718E-1,
6.506000E2,2.543591E0,2.183890E-1,
6.518000E2,2.542759E0,2.179139E-1,
6.530000E2,2.541952E0,2.174456E-1,
6.542000E2,2.541172E0,2.169836E-1,
6.555000E2,2.540419E0,2.165271E-1,
6.567000E2,2.539693E0,2.160755E-1,
6.579000E2,2.538995E0,2.156281E-1,
6.591000E2,2.538326E0,2.151839E-1,
6.604000E2,2.537685E0,2.147422E-1,
6.616000E2,2.537074E0,2.143022E-1,
6.628000E2,2.536493E0,2.138630E-1,
6.641000E2,2.535943E0,2.134237E-1,
6.653000E2,2.535424E0,2.129832E-1,
6.666000E2,2.534937E0,2.125406E-1,
6.679000E2,2.534483E0,2.120948E-1,
6.691000E2,2.534062E0,2.116448E-1,
6.704000E2,2.533674E0,2.111893E-1,
6.717000E2,2.533320E0,2.107273E-1,
6.729000E2,2.533002E0,2.102573E-1,
6.742000E2,2.532719E0,2.097781E-1,
6.755000E2,2.532472E0,2.092884E-1,
6.768000E2,2.532262E0,2.087866E-1,
6.781000E2,2.532090E0,2.082712E-1,
6.794000E2,2.531957E0,2.077404E-1,
6.807000E2,2.531862E0,2.071927E-1,
6.821000E2,2.531807E0,2.066260E-1,
6.834000E2,2.531793E0,2.060386E-1,
6.847000E2,2.531821E0,2.054283E-1,
6.860000E2,2.531891E0,2.047931E-1,
6.874000E2,2.532005E0,2.041307E-1,
6.887000E2,2.532161E0,2.034386E-1,
6.901000E2,2.532361E0,2.027144E-1,
6.914000E2,2.532606E0,2.019553E-1,
6.928000E2,2.532896E0,2.011584E-1,
6.941000E2,2.533233E0,2.003206E-1,
6.955000E2,2.533618E0,1.994387E-1,
6.969000E2,2.534053E0,1.985092E-1,
6.982000E2,2.534538E0,1.975284E-1,
6.996000E2,2.535073E0,1.964927E-1,
7.010000E2,2.535660E0,1.953976E-1,
7.024000E2,2.536299E0,1.942388E-1,
7.038000E2,2.536990E0,1.930116E-1,
7.052000E2,2.537734E0,1.917110E-1,
7.066000E2,2.538532E0,1.903316E-1,
7.080000E2,2.539385E0,1.888679E-1,
7.095000E2,2.540295E0,1.873140E-1,
7.109000E2,2.541262E0,1.856635E-1,
7.123000E2,2.542288E0,1.839098E-1,
7.138000E2,2.543372E0,1.820462E-1,
7.152000E2,2.544514E0,1.800646E-1,
7.167000E2,2.545714E0,1.779567E-1,
7.181000E2,2.546973E0,1.757140E-1,
7.196000E2,2.548291E0,1.733272E-1,
7.211000E2,2.549669E0,1.707864E-1,
7.225000E2,2.551106E0,1.680817E-1,
7.240000E2,2.552603E0,1.652023E-1,
7.255000E2,2.554160E0,1.621371E-1,
7.270000E2,2.555776E0,1.588747E-1,
7.285000E2,2.557448E0,1.554035E-1,
7.300000E2,2.559174E0,1.517115E-1,
7.315000E2,2.560952E0,1.477868E-1,
7.330000E2,2.562780E0,1.436178E-1,
7.346000E2,2.564655E0,1.391938E-1,
7.361000E2,2.566575E0,1.345046E-1,
7.376000E2,2.568535E0,1.295409E-1,
7.392000E2,2.570530E0,1.242982E-1,
7.407000E2,2.572554E0,1.187729E-1,
7.423000E2,2.574599E0,1.129641E-1,
7.439000E2,2.576656E0,1.068811E-1,
7.454000E2,2.578716E0,1.005366E-1,
7.470000E2,2.580766E0,9.394762E-2,
7.486000E2,2.582794E0,8.714757E-2,
7.502000E2,2.584782E0,8.017597E-2,
7.518000E2,2.586716E0,7.307762E-2,
7.534000E2,2.588573E0,6.591592E-2,
7.550000E2,2.590333E0,5.876134E-2,
7.566000E2,2.591972E0,5.168743E-2,
7.582000E2,2.593460E0,4.477628E-2,
7.599000E2,2.594764E0,3.811305E-2,
7.615000E2,2.595850E0,3.236341E-2,
7.632000E2,2.596678E0,2.734908E-2,
7.648000E2,2.597207E0,2.300059E-2,
7.665000E2,2.597392E0,1.925055E-2,
7.681000E2,2.597186E0,1.603449E-2,
7.698000E2,2.596538E0,1.329153E-2,
7.715000E2,2.595399E0,1.096485E-2,
7.732000E2,2.593721E0,9.001987E-3,
7.749000E2,2.591457E0,7.354986E-3,
7.766000E2,2.588563E0,5.980442E-3,
7.783000E2,2.585015E0,4.839412E-3,
7.800000E2,2.580795E0,3.897264E-3,
7.818000E2,2.575892E0,3.123453E-3,
7.835000E2,2.570327E0,2.491254E-3,
7.852000E2,2.564131E0,1.977466E-3,
7.870000E2,2.557351E0,1.562097E-3,
7.887000E2,2.550079E0,1.228047E-3,
7.905000E2,2.542434E0,9.607930E-4,
7.923000E2,2.534650E0,7.480880E-4,
7.941000E2,2.527147E0,5.796740E-4,
7.959000E2,2.520338E0,4.470160E-4,
7.977000E2,2.514356E0,3.430600E-4,
7.995000E2,2.509052E0,2.620140E-4,
8.013000E2,2.504231E0,1.991530E-4,
8.031000E2,2.499767E0,1.506460E-4,
8.049000E2,2.495576E0,1.134070E-4,
8.068000E2,2.491590E0,8.496200E-5,
8.086000E2,2.487783E0,6.334600E-5,
8.105000E2,2.484143E0,4.700300E-5,
8.123000E2,2.480655E0,3.470800E-5,
8.142000E2,2.477304E0,2.550700E-5,
8.161000E2,2.474076E0,1.865400E-5,
8.180000E2,2.470958E0,1.357700E-5,
8.199000E2,2.467939E0,9.835000E-6,
8.218000E2,2.465008E0,7.089000E-6,
8.237000E2,2.462161E0,5.086000E-6,
8.257000E2,2.459393E0,3.631000E-6,
8.276000E2,2.456701E0,2.580000E-6,
8.295000E2,2.454078E0,1.824000E-6,
8.315000E2,2.451519E0,1.284000E-6,
8.334000E2,2.449021E0,8.990000E-7,
8.354000E2,2.446578E0,6.270000E-7,
8.374000E2,2.444190E0,4.350000E-7,
8.394000E2,2.441852E0,3.000000E-7,
8.414000E2,2.439564E0,2.060000E-7,
8.434000E2,2.437322E0,1.410000E-7,
8.454000E2,2.435123E0,9.600000E-8,
8.475000E2,2.432966E0,6.500000E-8,
8.495000E2,2.430848E0,4.400000E-8,
8.515000E2,2.428768E0,2.900000E-8,
8.536000E2,2.426725E0,2.000000E-8,
8.557000E2,2.424718E0,1.300000E-8,
8.578000E2,2.422744E0,9.000000E-9,
8.598000E2,2.420803E0,6.000000E-9,
8.619000E2,2.418891E0,4.000000E-9,
8.641000E2,2.417009E0,2.000000E-9,
8.662000E2,2.415156E0,2.000000E-9,
8.683000E2,2.413332E0,1.000000E-9,
8.704000E2,2.411535E0,1.000000E-9,
8.726000E2,2.409764E0,0.000000E0,
8.748000E2,2.408018E0,0.000000E0,
8.769000E2,2.406295E0,0.000000E0,
8.791000E2,2.404596E0,0.000000E0,
8.813000E2,2.402919E0,0.000000E0,
8.835000E2,2.401265E0,0.000000E0,
8.857000E2,2.399634E0,0.000000E0,
8.880000E2,2.398023E0,0.000000E0,
8.902000E2,2.396433E0,0.000000E0,
8.925000E2,2.394862E0,0.000000E0,
8.947000E2,2.393310E0,0.000000E0,
8.970000E2,2.391776E0,0.000000E0,
8.993000E2,2.390260E0,0.000000E0,
9.016000E2,2.388762E0,0.000000E0,
9.039000E2,2.387280E0,0.000000E0,
9.062000E2,2.385816E0,0.000000E0,
9.085000E2,2.384368E0,0.000000E0,
9.109000E2,2.382936E0,0.000000E0,
9.132000E2,2.381520E0,0.000000E0,
9.156000E2,2.380120E0,0.000000E0,
9.180000E2,2.378734E0,0.000000E0,
9.204000E2,2.377364E0,0.000000E0,
9.228000E2,2.376008E0,0.000000E0,
9.252000E2,2.374667E0,0.000000E0,
9.276000E2,2.373339E0,0.000000E0,
9.301000E2,2.372026E0,0.000000E0,
9.325000E2,2.370726E0,0.000000E0,
9.350000E2,2.369438E0,0.000000E0,
9.375000E2,2.368164E0,0.000000E0,
9.400000E2,2.366902E0,0.000000E0,
9.425000E2,2.365653E0,0.000000E0,
9.450000E2,2.364415E0,0.000000E0,
9.476000E2,2.363188E0,0.000000E0,
9.501000E2,2.361974E0,0.000000E0,
9.527000E2,2.360770E0,0.000000E0,
9.553000E2,2.359576E0,0.000000E0,
9.579000E2,2.358394E0,0.000000E0,
9.605000E2,2.357222E0,0.000000E0,
9.631000E2,2.356061E0,0.000000E0,
9.657000E2,2.354909E0,0.000000E0,
9.684000E2,2.353768E0,0.000000E0,
9.710000E2,2.352637E0,0.000000E0,
9.737000E2,2.351516E0,0.000000E0,
9.764000E2,2.350404E0,0.000000E0,
9.791000E2,2.349302E0,0.000000E0,
9.818000E2,2.348210E0,0.000000E0,
9.846000E2,2.347126E0,0.000000E0,
9.873000E2,2.346052E0,0.000000E0,
9.901000E2,2.344986E0,0.000000E0,
9.929000E2,2.343930E0,0.000000E0,
9.957000E2,2.342882E0,0.000000E0,
9.985000E2,2.341843E0,0.000000E0,
1.001300E3,2.340812E0,0.000000E0,
1.004200E3,2.339789E0,0.000000E0,
1.007000E3,2.338775E0,0.000000E0,
1.009900E3,2.337768E0,0.000000E0,
1.012800E3,2.336770E0,0.000000E0,
1.015700E3,2.335779E0,0.000000E0,
1.018700E3,2.334797E0,0.000000E0,
1.021600E3,2.333822E0,0.000000E0,
1.024600E3,2.332854E0,0.000000E0,
1.027600E3,2.331894E0,0.000000E0,
1.030600E3,2.330941E0,0.000000E0,
1.033600E3,2.329996E0,0.000000E0,
1.036600E3,2.329058E0,0.000000E0,
1.039700E3,2.328127E0,0.000000E0,
1.042800E3,2.327203E0,0.000000E0,
1.045800E3,2.326285E0,0.000000E0,
1.049000E3,2.325375E0,0.000000E0,
1.052100E3,2.324471E0,0.000000E0,
1.055200E3,2.323574E0,0.000000E0,
1.058400E3,2.322683E0,0.000000E0,
1.061600E3,2.321799E0,0.000000E0,
1.064800E3,2.320921E0,0.000000E0,
1.068000E3,2.320049E0,0.000000E0,
1.071200E3,2.319184E0,0.000000E0,
1.074500E3,2.318325E0,0.000000E0,
1.077800E3,2.317472E0,0.000000E0,
1.081100E3,2.316625E0,0.000000E0,
1.084400E3,2.315784E0,0.000000E0,
1.087700E3,2.314949E0,0.000000E0,
1.091100E3,2.314120E0,0.000000E0,
1.094500E3,2.313297E0,0.000000E0,
1.097900E3,2.312479E0,0.000000E0,
1.101300E3,2.311667E0,0.000000E0,
1.104800E3,2.310861E0,0.000000E0,
1.108200E3,2.310060E0,0.000000E0,
1.111700E3,2.309265E0,0.000000E0,
1.115200E3,2.308475E0,0.000000E0,
1.118800E3,2.307690E0,0.000000E0,
1.122300E3,2.306911E0,0.000000E0,
1.125900E3,2.306137E0,0.000000E0,
1.129500E3,2.305369E0,0.000000E0,
1.133100E3,2.304605E0,0.000000E0,
1.136800E3,2.303847E0,0.000000E0,
1.140500E3,2.303094E0,0.000000E0,
1.144200E3,2.302345E0,0.000000E0,
1.147900E3,2.301602E0,0.000000E0,
1.151600E3,2.300864E0,0.000000E0,
1.155400E3,2.300131E0,0.000000E0,
1.159200E3,2.299402E0,0.000000E0,
1.163000E3,2.298678E0,0.000000E0,
1.166900E3,2.297959E0,0.000000E0,
1.170700E3,2.297245E0,0.000000E0,
1.174600E3,2.296536E0,0.000000E0,
1.178600E3,2.295831E0,0.000000E0,
1.182500E3,2.295130E0,0.000000E0,
1.186500E3,2.294435E0,0.000000E0,
1.190500E3,2.293743E0,0.000000E0,
1.194500E3,2.293057E0,0.000000E0,
1.198600E3,2.292374E0,0.000000E0,
1.202600E3,2.291696E0,0.000000E0,
1.206800E3,2.291023E0,0.000000E0,
1.210900E3,2.290353E0,0.000000E0,
1.215100E3,2.289688E0,0.000000E0,
1.219300E3,2.289028E0,0.000000E0,
1.223500E3,2.288371E0,0.000000E0,
1.227700E3,2.287719E0,0.000000E0,
1.232000E3,2.287071E0,0.000000E0,
1.236300E3,2.286427E0,0.000000E0,
1.240700E3,2.285787E0,0.000000E0,
1.245100E3,2.285151E0,0.000000E0,
1.249500E3,2.284519E0,0.000000E0,
1.253900E3,2.283891E0,0.000000E0,
1.258400E3,2.283267E0,0.000000E0,
1.262900E3,2.282647E0,0.000000E0,
1.267400E3,2.282031E0,0.000000E0,
1.272000E3,2.281419E0,0.000000E0,
1.276600E3,2.280810E0,0.000000E0,
1.281200E3,2.280206E0,0.000000E0,
1.285900E3,2.279605E0,0.000000E0,
1.290600E3,2.279008E0,0.000000E0,
1.295300E3,2.278414E0,0.000000E0,
1.300100E3,2.277825E0,0.000000E0,
1.304900E3,2.277239E0,0.000000E0,
1.309800E3,2.276656E0,0.000000E0,
1.314600E3,2.276078E0,0.000000E0,
1.319600E3,2.275503E0,0.000000E0,
1.324500E3,2.274931E0,0.000000E0,
1.329500E3,2.274363E0,0.000000E0,
1.334500E3,2.273799E0,0.000000E0,
1.339600E3,2.273238E0,0.000000E0,
1.344700E3,2.272680E0,0.000000E0,
1.349800E3,2.272126E0,0.000000E0,
1.355000E3,2.271575E0,0.000000E0,
1.360200E3,2.271028E0,0.000000E0,
1.365500E3,2.270484E0,0.000000E0,
1.370800E3,2.269944E0,0.000000E0,
1.376100E3,2.269407E0,0.000000E0,
1.381500E3,2.268873E0,0.000000E0,
1.387000E3,2.268342E0,0.000000E0,
1.392400E3,2.267815E0,0.000000E0,
1.397900E3,2.267291E0,0.000000E0,
1.403500E3,2.266771E0,0.000000E0,
1.409100E3,2.266254E0,0.000000E0,
1.414800E3,2.265739E0,0.000000E0,
1.420500E3,2.265229E0,0.000000E0,
1.426200E3,2.264721E0,0.000000E0,
1.432000E3,2.264216E0,0.000000E0,
1.437800E3,2.263715E0,0.000000E0,
1.443700E3,2.263216E0,0.000000E0,
1.449600E3,2.262721E0,0.000000E0,
1.455600E3,2.262229E0,0.000000E0,
1.461600E3,2.261739E0,0.000000E0,
1.467700E3,2.261253E0,0.000000E0,
1.473800E3,2.260770E0,0.000000E0,
1.480000E3,2.260290E0,0.000000E0,
1.486300E3,2.259812E0,0.000000E0,
1.492500E3,2.259338E0,0.000000E0,
1.498900E3,2.258867E0,0.000000E0,
1.505300E3,2.258398E0,0.000000E0,
1.511700E3,2.257933E0,0.000000E0,
1.518200E3,2.257470E0,0.000000E0,
1.524800E3,2.257011E0,0.000000E0,
1.531400E3,2.256554E0,0.000000E0,
1.538100E3,2.256100E0,0.000000E0,
1.544800E3,2.255649E0,0.000000E0,
1.551600E3,2.255200E0,0.000000E0,
1.558400E3,2.254755E0,0.000000E0,
1.565400E3,2.254312E0,0.000000E0,
1.572300E3,2.253872E0,0.000000E0,
1.579400E3,2.253435E0,0.000000E0,
1.586500E3,2.253000E0,0.000000E0,
1.593600E3,2.252569E0,0.000000E0,
1.600900E3,2.252140E0,0.000000E0,
1.608100E3,2.251713E0,0.000000E0,
1.615500E3,2.251290E0,0.000000E0,
1.622900E3,2.250869E0,0.000000E0,
1.630400E3,2.250450E0,0.000000E0,
1.638000E3,2.250035E0,0.000000E0,
1.645600E3,2.249622E0,0.000000E0,
1.653300E3,2.249211E0,0.000000E0,
1.661100E3,2.248804E0,0.000000E0,
1.669000E3,2.248398E0,0.000000E0,
1.676900E3,2.247996E0,0.000000E0,
1.684900E3,2.247596E0,0.000000E0,
1.693000E3,2.247199E0,0.000000E0,
1.701200E3,2.246804E0,0.000000E0,
1.709400E3,2.246412E0,0.000000E0,
1.717700E3,2.246022E0,0.000000E0,
1.726100E3,2.245635E0,0.000000E0,
1.734600E3,2.245250E0,0.000000E0,
1.743200E3,2.244868E0,0.000000E0,
1.751800E3,2.244488E0,0.000000E0,
1.760600E3,2.244111E0,0.000000E0,
1.769400E3,2.243736E0,0.000000E0,
1.778300E3,2.243364E0,0.000000E0,
1.787300E3,2.242994E0,0.000000E0,
1.796400E3,2.242626E0,0.000000E0,
1.805600E3,2.242261E0,0.000000E0,
1.814900E3,2.241898E0,0.000000E0,
1.824300E3,2.241538E0,0.000000E0,
1.833700E3,2.241181E0,0.000000E0,
1.843300E3,2.240825E0,0.000000E0,
1.853000E3,2.240472E0,0.000000E0,
1.862800E3,2.240121E0,0.000000E0,
1.872700E3,2.239773E0,0.000000E0,
1.882600E3,2.239427E0,0.000000E0,
1.892700E3,2.239083E0,0.000000E0,
1.902900E3,2.238742E0,0.000000E0,
1.913300E3,2.238402E0,0.000000E0,
1.923700E3,2.238065E0,0.000000E0,
1.934200E3,2.237730E0,0.000000E0,
1.944900E3,2.237399E0,0.000000E0,
1.955700E3,2.237069E0,0.000000E0,
1.966600E3,2.236743E0,0.000000E0,
1.977600E3,2.236418E0,0.000000E0,
1.988700E3,2.236095E0,0.000000E0,
2.000000E3,2.235772E0,0.000000E0,
